2
6
8
9
15
16
18
20
21
22
25
36
41
42
43
46
47
49
53
54
58
61
65
66
68
71
73
74
77
80
82
83
90
91
94
95
97
103
104
107
111
119
127
128
131
132
134
137
139
140
147
150
153
155
156
159
166
169
171
173
175
184
192
199
200
201
204
207
208
210
230
232
239
245
247
248
250
251
252
253
254
255
262
266
267
276
279
280
281
282
288
290
294
298
299
300
303
304
305
309
312
313
317
319
321
325
326
327
328
330
332
333
335
336
338
341
344
345
347
349
352
354
356
359
360
362
363
367
375
378
379
382
383
384
387
391
403
405
409
410
411
413
418
424
431
434
435
439
441
445
446
451
452
454
455
456
458
462
466
468
469
471
479
480
482
486
488
493
495
497
501
507
517
518
519
525
527
533
536
537
539
541
542
547
549
550
551
554
555
559
563
564
566
575
578
579
581
582
583
584
585
589
591
593
594
596
600
609
612
615
616
619
620
621
627
632
633
636
637
643
646
650
653
654
655
658
667
668
669
675
682
683
688
694
696
698
700
702
703
705
706
708
710
712
713
716
722
725
728
730
734
736
737
738
739
744
748
750
751
752
759
760
761
763
767
771
772
773
774
775
776
780
781
783
791
793
797
802
807
812
813
814
816
818
819
821
825
829
847
852
856
857
858
861
863
869
870
872
873
874
879
880
889
891
892
896
900
902
906
907
910
912
920
922
929
933
937
941
942
943
953
956
958
960
961
962
965
967
970
973
978
980
985
1002
1003
1006
1007
1009
1016
1017
1022
1025
1031
1032
1033
1034
1038
1046
1050
1051
1054
1055
1056
1059
1061
1064
1065
1067
1068
1071
1077
1079
1081
1082
1085
1088
1089
1095
1097
1099
1102
1105
1109
1110
1113
1116
1122
1125
1130
1132
1135
1137
1140
1141
1143
1145
1146
1147
1155
1157
1158
1160
1164
1170
1176
1178
1182
1186
1189
1194
1197
1198
1202
1205
1215
1218
1223
1225
1226
1229
1230
1231
1232
1234
1239
1241
1242
1253
1255
1256
1259
1263
1264
1267
1268
1269
1271
1273
1276
1277
1279
1283
1288
1290
1291
1295
1297
1298
1303
1306
1307
1308
1309
1311
1313
1317
1319
1324
1325
1328
1333
1334
1336
1337
1339
1346
1347
1349
1353
1354
1359
1360
1361
1365
1369
1370
1371
1373
1377
1382
1384
1385
1391
1396
1398
1399
1400
1402
1403
1404
1407
1410
1414
1418
1419
1422
1424
1425
1426
1427
1430
1432
1440
1441
1442
1444
1448
1452
1457
1458
1460
1461
1462
1463
1466
1467
1470
1475
1480
1481
1482
1497
1488
1495
1497
1499
1503
1506
1515
1522
1523
1524
1528
1530
1533
1537
1538
1539
1542
1543
1544
1545
1546
1547
1550
1555
1563
1564
1565
1568
1569
1573
1574
1576
1577
1578
1581
1584
1585
1591
1598
1601
1606
1609
1614
1616
1620
1630
1632
1633
1636
1637
1642
1643
1645
1647
1654
1663
1664
1666
1667
1669
1670
1673
1676
1677
1682
1684
1688
1691
1692
1699
1700
1704
1705
1707
1710
1717
1721
1722
1723
1725
1726
1728
1730
1731
1732
1734
1740
1741
1743
1744
1745
1747
1748
1749
1754
1757
1759
1760
1761
1767
1770
1771
1772
1774
1780
1781
1785
1792
1793
1794
1795
1796
1801
1803
1804
1805
1812
1818
1819
1822
1829
1830
1831
1834
1835
1836
1840
1843
1846
1848
1850
1851
1852
1854
1855
1856
1857
1858
1862
1865
1868
1869
1870
1873
1874
1876
1878
1879
1880
1881
1882
1884
1885
1886
1889
1890
1893
1895
1901
1906
1907
1909
1910
1911
1912
1913
1925
1931
1933
1934
1939
1940
1942
1943
1944
1945
1946
1948
1949
1950
1951
1953
1957
1958
1960
1962
1963
1964
1965
1966
1968
1969
1970
1974
1977
1981
1987
1988
1991
1992
1993
1998
2002
2005
2006
2009
2011
2012
2015
2018
2021
2023
2026
2027
2029
2030
2032
2035
2036
2037
2039
2042
2045
2046
2047
2048
2052
2056
2058
2059
2061
2062
2067
2071
2073
2076
2083
2084
2089
2091
2096
2098
2099
2100
2102
2103
2107
2112
2116
2119
2121
2122
2133
2135
2137
2139
2142
2143
2146
2148
2151
2152
2153
2157
2158
2159
2160
2163
2165
2166
2171
2173
2177
2179
2180
2181
2183
2184
2188
2190
2191
2192
2193
2194
2195
2196
2197
2199
2201
2202
2204
2208
2211
2213
2215
2216
2217
2218
2219
2221
2222
2223
2224
2225
2226
2230
2237
2238
2240
2241
2243
2245
2247
2249
2252
2253
2254
2255
2258
2259
2263
2264
2265
2266
2267