10
15
16
22
29
30
33
39
42
43
46
49
51
52
57
60
64
66
69
70
73
78
79
81
84
93
96
99
101
103
112
113
114
118
119
131
132
136
138
146
147
152
156
158
160
162
167
169
170
174
175
176
179
189
192
194
198
204
210
211
214
215
216
224
225
228
244
245
246
256
271
305
306
307
311
313
315
316
317
318
320
321
324
325
329
333
342
344
346
350
351
354
356
358
365
366
367
370
371
380
381
382
383
385
386
392
397
399
405
409
410
414
421
423
428
441
462
481
532
537
554
576
597
605
616
641
652
663
673
674
721
731
733
746
755
757
783
794
805
822
835
838
841
869
871
872
878
888
890
893
895
912
923
924
938
943
956
959
962
974
981
1006
1008
1003
1019
1022
1027
1033
1037
1041
1060
1061
1078
1082
1083
1085
1087
1089
1090
1092
1093
1095
1096
1097
1099
1101
1102
1103
1104
1105
1111
1114
1115
1117
1119
1121
1122
1125
1126
1129
1133
1134
1136
1139
1140
1141
1143
1144
1145
1146
1149
1152
1156
1157
1159
1162
1165
1167
1168
1169
1173
1174
1176
1182
1183
1185
1191
1193
1195
1197
1198
1199
1203
1205
1207
1208
1212
1214
1216
1218
1219
1221
1223
1224
1225
1226
1229
1230
1231
1232
1235
1236
1237
1238
1243
1244
1246
1249
1250
1253
1255
1258
1263
1264
1266
1267
1270
1271
1273
1275
1276
1280
1283
1285
1288
1289
1290
1291
1292
1294
1296
1298
1299
1300
1303
1304
1305
1306
1307
1309
1311
1312
1317
1319
1323
1324
1326
1327
1328
1329
1330
1331
1332
1333
1334
1336
1337
1338
1345
1347
1351
1352
1353
1356
1357
1358
1359
1360
1362
1363
1364
1365
1367
1369
1371
1375
1376
1379
1381
1385
1387
1389
1392
1393
1397
1400
1401
1402
1403
1404
1405
1406
1407
1408
1408
1409
1410
1413
1415
1416
1418
1420
1421
1422
1423
1428
1429
1431
1432
1433
1434
1435
1436
1437
1439
1442
1444
1447
1449
1452
1453
1454
1457
1459
1461
1462
1468
1471
1472
1474
1477
1478
1479
1480
1488
1490
1491
1493
1494
1495
1496
1497
1502
1503
1508
1509
1510
1511
1512
1514
1515
1517
1518
1522
1525
1526
1527
1528
1529
1531
1532
1534
1537
1538
1539
1541
1543
1545
1546
1547
1548
1551
1552
1553
1554
1555
1556
1558
1561
1563
1565
1566
1569
1570
1571
1573
1577
1580
1581
1582
1583
1584
1585
1587
1590
1591
1593
1594
1595
1603
1604
1607
1608
1610
1611
1612
1613
1614
1617
1625
1632
1633
1634
1638
1641
1642
1643
1644
1645
1648
1650
1651
1654
1657
1658
1659
1660
1661
1662
1663
1664
1665
1666
1669
1673
1676
1677
1679
1680
1685
1687
1688
1661
1693
1695
1696
1697
1699
1701
1703
1709
1713
1714
1715
1717
1719
1720
1721
1722
1725
1727
1728
1729
1730
1731
1734
1736
1738
1739
1740
1741
1742
1745
1746
1747
1749
1751
1752
1757
1761
1762
1764
1765
1766
1767
1768
1769
1770
1773
1776
1779
1781
1784
1787
1790
1793
1795
1796
1798
1803
1804
1805
1806
1807
1810
1811
1812
1813
1814
1816
1817
1819
1822
1823
1824
1826
1827
1829
1832
1833
1834
1835
1837
1839
1841
1842
1844
1846
1847
1848
1850
1851
1853
1854
1859
1860
1861
1862
1864
1865
1866
1870
1871
1873
1875
1877
1878
1879
1882
1883
1884
1885
1886
1890
1892
1893
1894
1897
1899
1904
1905
1907
1908
1912
1913
1914
1915
1916
1921
1922
1924
1925
1928
1929
1930
1933
1937
1939
1941
1942
1944
1945
1947
1948
1949
1950
1954
1955
1957
1958
1960
1961
1962
1963
1965
1966
1967
1968
1970
1973
1974
1977
1980
1982
1983
1985
1987
1988
1990
1994
1995
1996
1997
2001
2003
2004
2005
2006
2007
2011
2012
2013
2015
2016
2019
2023
2024
2026
2027
2029
2030
2031
2032
2033
2034
2036
2038
2040
2042
2045
2047
2048
2049
2052
2054
2057
2058
2060
2062
2064
2066
2069
2070
2071
2072
2073
2077
2078
2079
2080
2082
2084
2085
2086
2087
2089
2090
2091
2093
2094
2095
2096
2098
2102
2103
2105
2108
2110
2111
2112
2115
2116
2118
2119
2120
2121
2122
2123
2124
2125
2126
2127
2128
2129
2131
2132
2134
2138
2140
2141
2142
2144
2146
2147
2150
2151
2153
2155
2156
2157
2160
2162
2163
2165
2166
2167
2168
2170
2171
2172
2173
2174
2178
2182
2184
2185
2186
2189
2190
2192
2193
2196
2199
2201
2203
2204
2205
2206
2207
2212
2213
2215
2217
2218
2221
2223
2225
2226
2227
2230
2233
2234
2235
2236
2237
2238
2239
2241
2242
2244
2245
2246
2247
2251
2252
2253
2256
2258
2259
2260
2262
2265
2266
2269
2270
2271
2272
2273
2274
2275
2276
2279
2280
2281
2282
2284
2286
2288
2289
2290
2291
2292
2295
2296
2297
2299
2300
2302
2306
2307
2308
2309
2310
2311
2313
2316
2317
2319
2320
2321
2323
2327
2330
2332
2333
2334
2335
2342
2345
2346
2347
2348
2349
2351
2354
2355
2356
2357
2358
2359
2360
2361
2363
2364
2365
2367
2368
2373
2374
2378
2385
2388
2389
2391
2392
2395
2399
2401
2403
2405
2410
2412
2413
2414
2415
2417
2419
2426
2429
2431
2436
2437
2440
2441
2442
2445
2448
2449
2451
2453
2455
2463
2465
2468
2469
2476
2477
2478
2480
2481
2483
2487
2493
2494
2496
2499
2500
2502
2506
2507
2508
2511
2519
2523
2525
2526
2529
2531
2536
2540
2543
2546
2549
2563
2564
2574
2576
2577
2583
2590
2596
2598
2601
2603
2605
2606
2616
2619
2621
2624
2627
2628
2632
2633
2653
2655
2662
2667
2671
2677
2679
2680
2684
2685
2686
2691
2700
2703
2706
2710
2715
2716
2717
2719
2720
2721
2722
2724
2729
2735
2739
2743
2745
2747
2753
2757
2759
2762
2763
2764
2765
2768
2777
2782
2785
2787
2788
2789
2793
2798
2800
2803
2809
2810
2814
2815
2818
2819
2924
2827
2830
2834
2838
2843
2847
2851
2855
2857
2858
2860
2861
2873
2888
2890
2891
2892
2896
2900
2902
2903
2908
2910
2913
2917
2923
2925
2929
2930
2933
2935
2939
2940
2943
2947
2950
2952
2954
2957
2960
2963
2965
2967
2971
2974
2981
2984
2995
2996
3007
3013
3017
3023
3026
3033
3040
3045
3050
3051
3052
3053
3058
3062
3065
3066
3073
3076
3082
3083
3084
3087
3088
3090
3094
3095
3097
3099
3108
3110
3112
3120
3122
3125
3126
3127
3128
3129
3131
3132
3144
3150
3158
3159
3161
3163
3165
3172
3176
3182
3185
3187
3188
3191
3201
3203
3208
3218
3222
3223
3224
3229
3230
3231
3232
3233
3238
3248
3251
3258
3259
3268
3279
3283
3285
3289
3290
3291
3294
3295
3296
3297
3302
3304
3308
3310
3313
3314
3315
3318
3324
3325
3329
3332
3337
3338
3339
3342
3345
3347
3351
3352
3355
3358
3361
3365
3367
3369
3376
3380
3381
3391